2016-04-22,105.010002,106.480003,104.620003,105.68,33477100,105.68
2016-04-21,106.93,106.93,105.519997,105.970001,31356400,105.970001
2016-04-20,106.639999,108.089996,106.059998,107.129997,28666900,107.129997
2016-04-19,107.879997,108.00,106.230003,106.910004,32292300,106.910004
2016-04-18,108.889999,108.949997,106.940002,107.480003,60821500,107.480003
2016-04-15,112.110001,112.300003,109.730003,109.849998,46939000,109.849998
2016-04-14,111.620003,112.389999,111.330002,112.099998,25473900,112.099998
2016-04-13,110.800003,112.339996,110.800003,112.040001,33257300,112.040001
2016-04-12,109.339996,110.50,108.660004,110.440002,27232300,110.440002
2016-04-11,108.970001,110.610001,108.830002,109.019997,29407500,109.019997
2016-04-08,108.910004,109.769997,108.169998,108.660004,23581700,108.660004
2016-04-07,109.949997,110.419998,108.120003,108.540001,31801900,108.540001
2016-04-06,110.230003,110.980003,109.199997,110.959999,26404100,110.959999
2016-04-05,109.510002,110.730003,109.419998,109.809998,26578700,109.809998
2016-04-04,110.419998,112.190002,110.269997,111.120003,37356200,111.120003
2016-04-01,108.779999,110.00,108.199997,109.989998,25874000,109.989998
2016-03-31,109.720001,109.900002,108.879997,108.989998,25888400,108.989998
2016-03-30,108.650002,110.419998,108.599998,109.559998,45601100,109.559998
2016-03-29,104.889999,107.790001,104.879997,107.68,31190100,107.68
2016-03-28,106.00,106.190002,105.059998,105.190002,19411400,105.190002
2016-03-24,105.470001,106.25,104.889999,105.669998,26133000,105.669998
2016-03-23,106.480003,107.07,105.900002,106.129997,25703500,106.129997
2016-03-22,105.25,107.290001,105.209999,106.720001,32444400,106.720001
2016-03-21,105.93,107.650002,105.139999,105.910004,35502700,105.910004
2016-03-18,106.339996,106.50,105.190002,105.919998,44205200,105.919998
2016-03-17,105.519997,106.470001,104.959999,105.800003,34420700,105.800003
2016-03-16,104.610001,106.309998,104.589996,105.970001,38303500,105.970001
2016-03-15,103.959999,105.18,103.849998,104.580002,40067700,104.580002
2016-03-14,101.910004,102.910004,101.779999,102.519997,25076100,102.519997
2016-03-11,102.239998,102.279999,101.50,102.260002,27408200,102.260002
2016-03-10,101.410004,102.239998,100.150002,101.169998,33513600,101.169998
2016-03-09,101.309998,101.580002,100.269997,101.120003,27201700,101.120003
2016-03-08,100.779999,101.760002,100.400002,101.029999,31561900,101.029999
2016-03-07,102.389999,102.830002,100.959999,101.870003,35828900,101.870003
2016-03-04,102.370003,103.75,101.370003,103.010002,46055100,103.010002
2016-03-03,100.580002,101.709999,100.449997,101.50,36955700,101.50
2016-03-02,100.510002,100.889999,99.639999,100.75,33169600,100.75
2016-03-01,97.650002,100.769997,97.419998,100.529999,50407100,100.529999
2016-02-29,96.860001,98.230003,96.650002,96.690002,35216300,96.690002
2016-02-26,97.199997,98.019997,96.580002,96.910004,28991100,96.910004
2016-02-25,96.050003,96.760002,95.25,96.760002,27582700,96.760002
2016-02-24,93.980003,96.379997,93.32,96.099998,36255700,96.099998
2016-02-23,96.400002,96.50,94.550003,94.690002,31942600,94.690002
2016-02-22,96.309998,96.900002,95.919998,96.879997,34280800,96.879997
2016-02-19,96.00,96.760002,95.800003,96.040001,35374200,96.040001
2016-02-18,98.839996,98.889999,96.089996,96.260002,39021000,96.260002
2016-02-17,96.669998,98.209999,96.150002,98.120003,44863200,98.120003
2016-02-16,95.019997,96.849998,94.610001,96.639999,49057900,96.639999
2016-02-12,94.190002,94.50,93.010002,93.989998,40351400,93.989998
2016-02-11,93.790001,94.720001,92.589996,93.699997,50074700,93.699997
2016-02-10,95.919998,96.349998,94.099998,94.269997,42343600,94.269997
2016-02-09,94.290001,95.940002,93.93,94.989998,44331200,94.989998
2016-02-08,93.129997,95.699997,93.040001,95.010002,54021400,95.010002
2016-02-05,96.519997,96.919998,93.690002,94.019997,46418100,94.019997
2016-02-04,95.860001,97.330002,95.190002,96.599998,46471700,96.599998
2016-02-03,95.00,96.839996,94.080002,96.349998,45964300,95.830001
2016-02-02,95.419998,96.040001,94.279999,94.480003,37357200,93.970098
2016-02-01,96.470001,96.709999,95.400002,96.43,40943500,95.909571
2016-01-29,94.790001,97.339996,94.349998,97.339996,64416500,96.814656
2016-01-28,93.790001,94.519997,92.389999,94.089996,55678800,93.582196
2016-01-27,96.040001,96.629997,93.339996,93.419998,133369700,92.915814
2016-01-26,99.93,100.879997,98.07,99.989998,75077000,99.450356
2016-01-25,101.519997,101.529999,99.209999,99.440002,51794500,98.903329
2016-01-22,98.629997,101.459999,98.370003,101.419998,65800500,100.872638
2016-01-21,97.059998,97.879997,94.940002,96.300003,52161500,95.780276
2016-01-20,95.099998,98.190002,93.419998,96.790001,72334400,96.267629
2016-01-19,98.410004,98.650002,95.50,96.660004,53087700,96.138333
2016-01-15,96.199997,97.709999,95.360001,97.129997,79833900,96.60579
2016-01-14,97.959999,100.480003,95.739998,99.519997,63170100,98.982891
2016-01-13,100.32,101.190002,97.300003,97.389999,62439600,96.864389
2016-01-12,100.550003,100.690002,98.839996,99.959999,49154200,99.420519
2016-01-11,98.970001,99.059998,97.339996,98.529999,49739400,97.998236
2016-01-08,98.550003,99.110001,96.760002,96.959999,70798000,96.43671
2016-01-07,98.68,100.129997,96.43,96.449997,81094400,95.92946
2016-01-06,100.559998,102.370003,99.870003,100.699997,68457400,100.156523
2016-01-05,105.75,105.849998,102.410004,102.709999,55791000,102.155677
2016-01-04,102.610001,105.370003,102.00,105.349998,67649400,104.781429
2015-12-31,107.010002,107.029999,104.82,105.260002,40912300,104.691918
2015-12-30,108.580002,108.699997,107.18,107.32,25213800,106.740798
2015-12-29,106.959999,109.43,106.860001,108.739998,30931200,108.153132
2015-12-28,107.589996,107.690002,106.18,106.82,26704200,106.243496
2015-12-24,109.00,109.00,107.949997,108.029999,13596700,107.446965
2015-12-23,107.269997,108.849998,107.199997,108.610001,32657400,108.023837
2015-12-22,107.400002,107.720001,106.449997,107.230003,32789400,106.651287
2015-12-21,107.279999,107.370003,105.57,107.330002,47590600,106.750746
2015-12-18,108.910004,109.519997,105.809998,106.029999,96453300,105.457759
2015-12-17,112.019997,112.25,108.980003,108.980003,44772800,108.391842
2015-12-16,111.07,111.989998,108.800003,111.339996,56238500,110.739099
2015-12-15,111.940002,112.800003,110.349998,110.489998,52978100,109.893688
2015-12-14,112.18,112.68,109.790001,112.480003,64318700,111.872953
2015-12-11,115.190002,115.389999,112.849998,113.18,46886200,112.569172
2015-12-10,116.040001,116.940002,115.510002,116.169998,29212700,115.543033
2015-12-09,117.639999,117.690002,115.080002,115.620003,46361400,114.996006
2015-12-08,117.519997,118.599998,116.860001,118.230003,34309500,117.591921
2015-12-07,118.980003,119.860001,117.809998,118.279999,32084200,117.641646
2015-12-04,115.290001,119.25,115.110001,119.029999,57777000,118.387598
2015-12-03,116.550003,116.790001,114.220001,115.199997,41569500,114.578267
2015-12-02,117.339996,118.110001,116.080002,116.279999,33386600,115.65244
2015-12-01,118.75,118.809998,116.860001,117.339996,34852400,116.706717
2015-11-30,117.989998,119.410004,117.75,118.300003,39180300,117.661542
2015-11-27,118.290001,118.410004,117.599998,117.809998,13046400,117.174181
2015-11-25,119.209999,119.230003,117.919998,118.029999,21388300,117.392995
2015-11-24,117.330002,119.349998,117.120003,118.879997,42803200,118.238406
2015-11-23,119.269997,119.730003,117.339996,117.75,32482500,117.114508
2015-11-20,119.199997,119.919998,118.849998,119.300003,34287100,118.656145
2015-11-19,117.639999,119.75,116.760002,118.779999,43295800,118.138948
2015-11-18,115.760002,117.489998,115.50,117.290001,46674700,116.656991
2015-11-17,114.919998,115.050003,113.32,113.690002,27616900,113.076422
2015-11-16,111.379997,114.239998,111.00,114.18,38106700,113.563775
2015-11-13,115.199997,115.57,112.269997,112.339996,45812400,111.733702
2015-11-12,116.260002,116.82,115.650002,115.720001,32525600,115.095465
2015-11-11,116.370003,117.419998,115.209999,116.110001,45218000,115.483359
2015-11-10,116.900002,118.07,116.059998,116.769997,59127900,116.139793
2015-11-09,120.959999,121.809998,120.050003,120.57,33871400,119.919288
2015-11-06,121.110001,121.809998,120.620003,121.059998,33042300,120.406641
2015-11-05,121.849998,122.690002,120.18,120.919998,39552700,120.267398
2015-11-04,123.129997,123.82,121.620003,122.00,44886100,120.824373
2015-11-03,120.790001,123.489998,120.699997,122.57,45519000,121.388881
2015-11-02,120.800003,121.360001,119.610001,121.18,32203300,120.012276
2015-10-30,120.989998,121.220001,119.449997,119.50,49365300,118.348464
2015-10-29,118.699997,120.690002,118.269997,120.529999,51227300,119.368538
2015-10-28,116.93,119.300003,116.059998,119.269997,85551400,118.120677
2015-10-27,115.400002,116.540001,113.989998,114.550003,69884400,113.446167
2015-10-26,118.080002,118.129997,114.919998,115.279999,66333800,114.169128
2015-10-23,116.699997,119.230003,116.330002,119.080002,59366900,117.932513
2015-10-22,114.330002,115.50,114.099998,115.50,41654100,114.387009
2015-10-21,114.00,115.580002,113.699997,113.760002,41795200,112.663779
2015-10-20,111.339996,114.169998,110.82,113.769997,48967800,112.673677
2015-10-19,110.800003,111.75,110.110001,111.730003,29759200,110.653341
2015-10-16,111.779999,112.00,110.529999,111.040001,38236300,109.969988
2015-10-15,110.93,112.099998,110.489998,111.860001,37673500,110.782086
2015-10-14,111.290001,111.519997,109.559998,110.209999,44462400,109.147984
2015-10-13,110.82,112.449997,110.68,111.790001,33049300,110.712761
2015-10-12,112.730003,112.75,111.440002,111.599998,30467200,110.524589
2015-10-09,110.00,112.279999,109.489998,112.120003,52766100,111.039583
2015-10-08,110.190002,110.190002,108.209999,109.50,61979600,108.444827
2015-10-07,111.739998,111.769997,109.410004,110.779999,46765600,109.712491
2015-10-06,110.629997,111.739998,109.769997,111.309998,48857000,110.237383
2015-10-05,109.879997,111.370003,109.07,110.779999,52064700,109.712491
2015-10-02,108.010002,111.010002,107.550003,110.379997,58019800,109.316344
2015-10-01,109.07,109.620003,107.309998,109.580002,63929100,108.524058
2015-09-30,110.169998,111.540001,108.730003,110.300003,66473000,109.237121
2015-09-29,112.830002,113.510002,107.860001,109.059998,73365400,108.009065
2015-09-28,113.849998,114.57,112.440002,112.440002,52109000,111.356499
2015-09-25,116.440002,116.690002,114.019997,114.709999,56151900,113.604621
2015-09-24,113.25,115.50,112.370003,115.00,50219500,113.891827
2015-09-23,113.629997,114.720001,113.300003,114.32,35756700,113.21838
2015-09-22,113.379997,114.18,112.519997,113.400002,50346200,112.307247
2015-09-21,113.669998,115.370003,113.660004,115.209999,50222000,114.099803
2015-09-18,112.209999,114.300003,111.870003,113.449997,74285300,112.356761
2015-09-17,115.660004,116.489998,113.720001,113.919998,64112600,112.822233
2015-09-16,116.25,116.540001,115.440002,116.410004,37173500,115.288244
2015-09-15,115.93,116.529999,114.419998,116.279999,43341200,115.159492
2015-09-14,116.580002,116.889999,114.860001,115.309998,58363400,114.198838
2015-09-11,111.790001,114.209999,111.760002,114.209999,49915500,113.109439
2015-09-10,110.269997,113.279999,109.900002,112.57,62892800,111.485243
2015-09-09,113.760002,114.019997,109.769997,110.150002,85010800,109.088565
2015-09-08,111.75,112.559998,110.32,112.309998,54843600,111.227747
2015-09-04,108.970001,110.449997,108.510002,109.269997,49996300,108.21704
2015-09-03,112.489998,112.779999,110.040001,110.370003,53233900,109.306446
2015-09-02,110.230003,112.339996,109.129997,112.339996,61888800,111.257456
2015-09-01,110.150002,111.879997,107.360001,107.720001,76845900,106.681981