2016-04-22,111.209999,111.75,109.010002,110.559998,38331600,110.559998
2016-04-21,112.550003,114.040001,112.309998,113.440002,20409400,113.440002
2016-04-20,112.43,113.269997,111.559998,112.419998,20998300,112.419998
2016-04-19,111.099998,112.449997,109.160004,112.290001,30147600,112.290001
2016-04-18,109.739998,110.809998,109.199997,110.449997,21092700,110.449997
2016-04-15,110.790001,110.970001,109.199997,109.639999,20763400,109.639999
2016-04-14,110.620003,112.040001,110.260002,110.839996,28430900,110.839996
2016-04-13,112.230003,112.650002,106.519997,110.510002,88113000,110.510002
2016-04-12,109.339996,111.160004,108.989998,110.610001,26175900,110.610001
2016-04-11,110.699997,110.910004,108.769997,108.989998,39563900,108.989998
2016-04-08,114.25,114.330002,109.900002,110.629997,48424800,110.629997
2016-04-07,113.790001,114.889999,113.07,113.639999,20324800,113.639999
2016-04-06,112.470001,113.809998,112.419998,113.709999,20522400,113.709999
2016-04-05,112.110001,113.32,111.900002,112.220001,22752500,112.220001
2016-04-04,114.07,114.550003,111.610001,112.550003,48429700,112.550003
2016-04-01,113.75,116.169998,113.349998,116.059998,24726000,116.059998
2016-03-31,114.699997,115.010002,113.769997,114.099998,21138700,114.099998
2016-03-30,116.730003,116.989998,114.360001,114.699997,33180300,114.699997
2016-03-29,113.830002,116.32,113.639999,116.139999,29765800,116.139999
2016-03-28,113.32,114.589996,112.949997,113.690002,21312800,113.690002
2016-03-24,112.129997,113.089996,111.68,113.050003,17063800,113.050003
2016-03-23,112.010002,113.190002,112.00,112.540001,18468700,112.540001
2016-03-22,111.360001,112.879997,111.169998,112.25,18957800,112.25
2016-03-21,111.660004,112.370003,111.029999,111.849998,18394500,111.849998
2016-03-18,111.559998,112.419998,110.269997,111.449997,36217000,111.449997
2016-03-17,112.150002,112.690002,110.730003,111.019997,24204800,111.019997
2016-03-16,110.489998,112.50,110.099998,112.18,24619700,112.18
2016-03-15,109.110001,110.830002,108.839996,110.669998,17586100,110.669998
2016-03-14,109.279999,110.330002,108.769997,109.889999,17236100,109.889999
2016-03-11,108.480003,109.419998,107.919998,109.410004,20581300,109.410004
2016-03-10,107.910004,108.660004,105.769997,107.32,24780700,107.32
2016-03-09,106.699997,107.510002,105.489998,107.510002,20449900,107.510002
2016-03-08,104.779999,107.370003,104.400002,105.93,25493500,105.93
2016-03-07,108.07,108.07,104.720001,105.730003,31436400,105.730003
2016-03-04,110.050003,110.050003,107.93,108.389999,24872900,108.389999
2016-03-03,110.25,110.300003,108.540001,109.580002,21333500,109.580002
2016-03-02,109.68,110.550003,108.769997,109.949997,25641600,109.949997
2016-03-01,107.830002,109.82,107.599998,109.82,26694700,109.82
2016-02-29,107.599998,108.910004,106.75,106.919998,32243600,106.919998
2016-02-26,108.699997,109.449997,107.160004,107.919998,26578900,107.919998
2016-02-25,107.110001,108.07,105.610001,108.07,29796200,108.07
2016-02-24,104.209999,106.949997,102.739998,106.879997,34239400,106.879997
2016-02-23,106.849998,107.470001,105.120003,105.459999,25204900,105.459999
2016-02-22,105.489998,108.25,105.339996,107.160004,35630900,107.160004
2016-02-19,102.550003,105.019997,102.059998,104.57,32337400,104.57
2016-02-18,105.800003,106.00,103.029999,103.470001,29374600,103.470001
2016-02-17,102.019997,105.720001,100.400002,105.199997,44009600,105.199997
2016-02-16,103.800003,103.93,100.239998,101.610001,45438300,101.610001
2016-02-12,103.739998,104.239998,101.089996,102.010002,36038100,102.010002
2016-02-11,99.599998,105.110001,98.879997,101.910004,43493100,101.910004
2016-02-10,101.550003,103.25,100.239998,101.00,44943900,101.00
2016-02-09,97.139999,102.400002,96.82,99.540001,62580100,99.540001
2016-02-08,100.410004,102.68,97.459999,99.75,71016500,99.75
2016-02-05,109.510002,109.580002,103.18,104.07,76522700,104.07
2016-02-04,111.800003,111.940002,109.25,110.489998,38648500,110.489998
2016-02-03,115.269997,115.339996,109.75,112.690002,56848100,112.690002
2016-02-02,114.800003,117.589996,113.199997,114.610001,59644900,114.610001
2016-02-01,112.269997,115.720001,112.010002,115.089996,45840900,115.089996
2016-01-29,108.989998,112.839996,108.839996,112.209999,62357500,112.209999
2016-01-28,107.199997,110.339996,104.809998,109.110001,107084100,109.110001
2016-01-27,97.790001,97.849998,94.230003,94.449997,48311900,94.449997
2016-01-26,97.760002,97.879997,95.660004,97.339996,26637400,97.339996
2016-01-25,98.720001,99.480003,96.93,97.010002,32319100,97.010002
2016-01-22,96.410004,98.07,95.489998,97.940002,30331400,97.940002
2016-01-21,94.910004,95.989998,92.620003,94.160004,30468900,94.160004
2016-01-20,92.830002,95.00,89.370003,94.349998,58982400,94.349998
2016-01-19,96.529999,97.419998,93.919998,95.260002,30620600,95.260002
2016-01-15,93.980003,96.379997,93.540001,94.970001,45935600,94.970001
2016-01-14,95.849998,98.870003,92.449997,98.370003,48488500,98.370003
2016-01-13,100.580002,100.580002,95.209999,95.440002,33091600,95.440002
2016-01-12,99.00,99.959999,97.550003,99.370003,28212800,99.370003
2016-01-11,97.910004,98.599998,95.389999,97.510002,29873100,97.510002
2016-01-08,99.879997,100.50,97.029999,97.330002,35267300,97.330002
2016-01-07,100.50,101.43,97.300003,97.919998,44864700,97.919998
2016-01-06,101.129997,103.769997,100.900002,102.970001,24988900,102.970001
2016-01-05,102.889999,103.709999,101.669998,102.730003,23225100,102.730003
2016-01-04,101.949997,102.239998,99.75,102.220001,37717300,102.220001
2015-12-31,106.00,106.169998,104.620003,104.660004,18298700,104.660004
2015-12-30,107.00,107.25,106.059998,106.220001,13101600,106.220001
2015-12-29,106.419998,107.739998,106.25,107.260002,17137900,107.260002
2015-12-28,105.019997,105.980003,104.529999,105.93,13031200,105.93
2015-12-24,104.739998,105.32,104.50,105.019997,6501800,105.019997
2015-12-23,105.889999,106.110001,103.860001,104.629997,19246600,104.629997
2015-12-22,105.220001,105.660004,104.809998,105.510002,14420600,105.510002
2015-12-21,104.910004,105.150002,103.599998,104.769997,15999900,104.769997
2015-12-18,106.080002,106.589996,103.970001,104.040001,35546500,104.040001
2015-12-17,107.489998,107.75,106.129997,106.220001,21508700,106.220001
2015-12-16,105.370003,107.089996,104.190002,106.790001,21994800,106.790001
2015-12-15,105.300003,105.800003,104.279999,104.550003,21644900,104.550003
2015-12-14,102.290001,104.739998,101.459999,104.660004,24648100,104.660004
2015-12-11,104.150002,104.339996,101.910004,102.120003,26286300,102.120003
2015-12-10,105.050003,106.400002,104.410004,105.419998,17414500,105.419998
2015-12-09,106.18,106.440002,103.550003,104.599998,23123000,104.599998
2015-12-08,104.00,106.910004,103.949997,106.489998,20365300,106.489998
2015-12-07,106.480003,106.830002,104.660004,105.610001,15403400,105.610001
2015-12-04,104.809998,107.730003,104.110001,106.18,20941200,106.18
2015-12-03,106.269997,106.849998,103.349998,104.379997,23171000,104.379997
2015-12-02,107.00,107.919998,105.790001,106.07,24295200,106.07
2015-12-01,104.830002,107.150002,104.50,107.120003,22715600,107.120003
2015-11-30,105.839996,106.099998,103.75,104.239998,20009000,104.239998
2015-11-27,105.779999,105.959999,104.860001,105.449997,5899600,105.449997
2015-11-25,106.330002,106.599998,105.099998,105.410004,15150800,105.410004
2015-11-24,106.00,106.489998,104.389999,105.739998,23577300,105.739998
2015-11-23,107.190002,107.470001,106.080002,106.949997,19897200,106.949997
2015-11-20,106.839996,107.870003,106.620003,107.32,22129600,107.32
2015-11-19,107.360001,107.730003,105.949997,106.260002,25520600,106.260002
2015-11-18,105.800003,107.879997,105.389999,107.769997,23836500,107.769997
2015-11-17,104.620003,106.199997,104.139999,105.129997,26807200,105.129997
2015-11-16,103.32,104.169998,100.470001,104.040001,49309200,104.040001
2015-11-13,107.709999,108.25,103.830002,103.949997,30278400,103.949997
2015-11-12,108.480003,109.389999,108.00,108.019997,20924700,108.019997
2015-11-11,108.269997,109.870003,107.110001,109.010002,25057100,109.010002
2015-11-10,105.959999,108.150002,105.239998,107.910004,25031700,107.910004
2015-11-09,107.00,108.25,105.860001,106.489998,26383500,106.489998
2015-11-06,108.040001,108.739998,105.910004,107.099998,35084300,107.099998
2015-11-05,108.800003,110.650002,107.949997,108.760002,63232900,108.760002
2015-11-04,103.190002,104.139999,102.480003,103.940002,43469300,103.940002
2015-11-03,103.220001,103.650002,102.400002,102.580002,21242300,102.580002
2015-11-02,101.720001,103.470001,101.18,103.309998,24003900,103.309998
2015-10-30,104.510002,104.720001,101.650002,101.970001,33487100,101.970001
2015-10-29,103.959999,105.120003,103.519997,104.879997,20316700,104.879997
2015-10-28,103.900002,104.480003,102.919998,104.199997,24081500,104.199997
2015-10-27,102.940002,104.099998,102.400002,103.699997,23795500,103.699997
2015-10-26,102.199997,103.809998,101.550003,103.769997,25961200,103.769997
2015-10-23,101.910004,102.849998,100.160004,102.190002,42809700,102.190002
2015-10-22,97.790001,99.730003,97.550003,99.669998,26392100,99.669998
2015-10-21,97.370003,98.18,96.470001,97.110001,21917800,97.110001
2015-10-20,98.730003,99.589996,96.559998,97.00,30881800,97.00
2015-10-19,97.18,98.57,96.919998,98.470001,23729900,98.470001
2015-10-16,96.18,97.589996,95.349998,97.540001,25412900,97.540001
2015-10-15,94.989998,96.300003,94.900002,95.959999,27557500,95.959999
2015-10-14,94.080002,95.199997,93.610001,94.07,19253400,94.07
2015-10-13,93.660004,95.370003,93.550003,94.120003,19480300,94.120003
2015-10-12,93.32,94.599998,92.669998,94.260002,18449600,94.260002
2015-10-09,92.900002,93.739998,92.239998,93.239998,20012900,93.239998
2015-10-08,91.889999,93.220001,90.470001,92.470001,27290500,92.470001
2015-10-07,93.110001,93.660004,91.370003,92.400002,24129300,92.400002
2015-10-06,94.080002,94.169998,92.339996,92.800003,22488300,92.800003
2015-10-05,92.940002,94.269997,92.660004,94.010002,27292500,94.010002
2015-10-02,88.900002,92.199997,88.370003,92.07,37881700,92.07
2015-10-01,90.050003,90.949997,88.360001,90.949997,29283700,90.949997
2015-09-30,88.440002,90.019997,88.010002,89.900002,36169100,89.900002
2015-09-29,89.099998,90.059998,85.720001,86.669998,42281800,86.669998
2015-09-28,92.080002,92.290001,88.18,89.209999,41199900,89.209999
2015-09-25,95.790001,95.849998,92.059998,92.769997,28961600,92.769997
2015-09-24,93.059998,94.769997,92.239998,94.410004,29106000,94.410004
2015-09-23,93.400002,94.32,92.800003,93.970001,21701400,93.970001
2015-09-22,93.769997,94.68,91.919998,92.959999,36888900,92.959999
2015-09-21,94.620003,96.489998,94.519997,95.550003,28790000,95.550003
2015-09-18,93.199997,95.190002,93.050003,94.400002,62300000,94.400002
2015-09-17,93.370003,95.510002,92.900002,94.339996,27841800,94.339996
2015-09-16,92.900002,93.599998,92.629997,93.449997,16321200,93.449997
2015-09-15,92.370003,93.25,91.790001,92.900002,18859400,92.900002
2015-09-14,92.309998,92.620003,91.599998,92.309998,20127900,92.309998
2015-09-11,91.68,92.080002,91.129997,92.050003,21185000,92.050003
2015-09-10,90.07,92.059998,89.629997,91.980003,26437400,91.980003
2015-09-09,90.779999,91.980003,90.169998,90.440002,32551100,90.440002
2015-09-08,89.690002,90.239998,88.830002,89.529999,27012500,89.529999
2015-09-04,87.199997,88.389999,86.699997,88.260002,27328700,88.260002
2015-09-03,89.760002,89.82,87.730003,88.150002,27048200,88.150002
2015-09-02,88.809998,89.889999,87.629997,89.889999,27190500,89.889999
2015-09-01,86.849998,89.389999,86.50,87.230003,36097400,87.230003