2016-04-22,149.440002,151.00,147.50,148.50,5178000,148.50
2016-04-21,146.580002,150.119995,146.460007,149.300003,5975500,149.300003
2016-04-20,144.240005,147.199997,144.00,146.110001,6710500,146.110001
2016-04-19,146.470001,146.949997,142.610001,144.00,13125200,144.00
2016-04-18,151.720001,153.139999,151.490005,152.529999,5737700,152.529999
2016-04-15,151.039993,152.100006,150.960007,151.720001,3522400,151.720001
2016-04-14,151.50,152.759995,150.380005,151.160004,3158400,151.160004
2016-04-13,150.75,151.229996,149.630005,151.229996,3126500,151.229996
2016-04-12,149.610001,150.110001,148.580002,149.630005,3507100,149.630005
2016-04-11,150.259995,151.949997,149.220001,149.25,3829400,149.25
2016-04-08,149.059998,149.990005,148.119995,149.350006,3280800,149.350006
2016-04-07,149.070007,149.600006,148.00,148.25,3606000,148.25
2016-04-06,149.899994,150.149994,147.809998,150.020004,4152300,150.020004
2016-04-05,151.429993,151.600006,149.649994,150.00,3313300,150.00
2016-04-04,152.339996,153.520004,151.910004,152.070007,3904500,152.070007
2016-04-01,150.509995,152.960007,150.25,152.520004,3902200,152.520004
2016-03-31,149.789993,153.100006,149.360001,151.449997,6743300,151.449997
2016-03-30,149.949997,150.410004,148.320007,148.410004,3301100,148.410004
2016-03-29,147.589996,149.759995,147.50,149.330002,3116400,149.330002
2016-03-28,147.75,148.649994,147.229996,148.399994,3260800,148.399994
2016-03-24,144.979996,148.220001,144.490005,147.949997,5042700,147.949997
2016-03-23,148.00,148.029999,145.130005,145.399994,4753800,145.399994
2016-03-22,148.059998,149.279999,147.839996,148.100006,4054600,148.100006
2016-03-21,147.300003,148.710007,146.720001,148.630005,3425200,148.630005
2016-03-18,147.399994,147.509995,145.509995,147.089996,11997700,147.089996
2016-03-17,144.779999,147.320007,144.449997,147.039993,5819100,147.039993
2016-03-16,142.619995,144.880005,142.110001,144.789993,4192800,144.789993
2016-03-15,141.740005,143.330002,141.539993,142.960007,3647800,142.960007
2016-03-14,142.009995,143.190002,141.039993,142.779999,4043100,142.779999
2016-03-11,141.729996,142.919998,140.509995,142.360001,4350000,142.360001
2016-03-10,141.240005,141.470001,138.089996,140.190002,4009600,140.190002
2016-03-09,139.309998,142.169998,139.229996,140.410004,4378000,140.410004
2016-03-08,139.710007,140.350006,137.419998,139.070007,5537900,139.070007
2016-03-07,137.279999,140.509995,136.869995,140.149994,5142400,140.149994
2016-03-04,137.539993,139.419998,137.020004,137.800003,3945100,137.800003
2016-03-03,137.220001,137.960007,136.070007,137.800003,5141200,137.800003
2016-03-02,133.699997,137.440002,133.220001,136.300003,5163000,136.300003
2016-03-01,132.240005,134.639999,132.029999,134.369995,3781100,134.369995
2016-02-29,132.00,133.360001,130.899994,131.029999,4253300,131.029999
2016-02-26,134.509995,134.919998,131.949997,132.029999,4382900,132.029999
2016-02-25,133.289993,134.509995,130.880005,134.50,4353600,134.50
2016-02-24,131.550003,133.490005,129.679993,132.800003,4079800,132.800003
2016-02-23,133.139999,133.410004,132.009995,132.399994,3366800,132.399994
2016-02-22,133.080002,134.309998,132.410004,133.770004,4440500,133.770004
2016-02-19,132.360001,133.649994,130.839996,133.080002,5108500,133.080002
2016-02-18,130.00,134.00,129.75,132.449997,9924900,132.449997
2016-02-17,123.709999,126.57,123.25,126.099998,4805500,126.099998
2016-02-16,121.830002,123.089996,121.339996,122.739998,4015600,122.739998
2016-02-12,119.260002,121.050003,118.349998,121.040001,4899000,121.040001
2016-02-11,118.779999,119.660004,116.900002,117.849998,7196100,117.849998
2016-02-10,125.00,125.290001,119.839996,120.190002,6435100,120.190002
2016-02-09,126.120003,126.93,123.769997,124.07,5957200,124.07
2016-02-08,126.00,127.510002,124.129997,126.980003,7364000,126.980003
2016-02-05,127.220001,128.639999,125.849998,128.570007,7177700,127.270009
2016-02-04,125.080002,128.50,125.00,127.650002,5266500,126.359305
2016-02-03,123.989998,125.449997,122.290001,124.720001,6223500,123.458931
2016-02-02,123.669998,124.139999,122.639999,122.940002,3287300,121.69693
2016-02-01,124.400002,125.290001,123.709999,124.830002,3574900,123.567819
2016-01-29,123.279999,124.790001,122.959999,124.790001,8248100,123.528223
2016-01-28,121.260002,122.830002,121.010002,122.220001,3942500,120.984209
2016-01-27,122.730003,123.370003,120.650002,120.959999,5026400,119.736947
2016-01-26,122.25,123.610001,122.239998,122.589996,4617800,121.350463
2016-01-25,122.099998,124.230003,121.639999,122.080002,5446000,120.845625
2016-01-22,124.669998,124.739998,121.769997,122.50,9238400,121.261376
2016-01-21,121.300003,125.099998,120.580002,122.910004,8851600,121.667234
2016-01-20,118.459999,123.989998,118.00,121.860001,16157800,120.627848
2016-01-19,130.110001,132.100006,128.059998,128.110001,9979600,126.814653
2016-01-15,130.009995,130.880005,128.869995,130.029999,9008500,128.715238
2016-01-14,131.929993,133.789993,131.220001,132.910004,5709600,131.566122
2016-01-13,133.50,134.279999,131.100006,131.169998,4700100,129.84371
2016-01-12,133.649994,133.779999,131.130005,132.899994,5078700,131.556214
2016-01-11,131.809998,133.820007,131.759995,133.229996,4974400,131.882879
2016-01-08,133.179993,133.820007,131.320007,131.630005,4762700,130.299066
2016-01-07,133.699997,135.020004,132.429993,132.860001,7025800,131.516625
2016-01-06,134.380005,135.580002,133.619995,135.169998,4310900,133.803266
2016-01-05,136.759995,136.889999,134.850006,135.850006,3924800,134.476398
2016-01-04,135.600006,135.970001,134.240005,135.949997,5229400,134.575378
2015-12-31,139.070007,139.100006,137.570007,137.619995,3462100,136.22849
2015-12-30,139.580002,140.440002,139.220001,139.339996,2989400,137.9311
2015-12-29,138.25,140.059998,138.199997,139.779999,3943700,138.366653
2015-12-28,137.740005,138.039993,136.539993,137.610001,3143400,136.218597
2015-12-24,138.429993,138.880005,138.110001,138.25,1495200,136.852125
2015-12-23,138.300003,139.309998,138.110001,138.539993,5164900,137.139186
2015-12-22,135.880005,138.190002,135.649994,137.929993,4263800,136.535353
2015-12-21,135.830002,135.830002,134.020004,135.50,5617500,134.129931
2015-12-18,136.410004,136.960007,134.270004,134.899994,10026100,133.535991
2015-12-17,139.350006,139.50,136.309998,136.75,4089500,135.367292
2015-12-16,139.119995,139.649994,137.789993,139.289993,4345500,137.881603
2015-12-15,137.399994,138.970001,137.279999,137.789993,4207900,136.396769
2015-12-14,135.309998,136.139999,134.020004,135.929993,5143800,134.555576
2015-12-11,135.229996,135.440002,133.910004,134.570007,5333800,133.209341
2015-12-10,137.029999,137.850006,135.720001,136.779999,4222300,135.396987
2015-12-09,137.380005,139.839996,136.229996,136.610001,4615000,135.228708
2015-12-08,138.279999,139.059998,137.529999,138.050003,3905200,136.65415
2015-12-07,140.160004,140.410004,138.809998,139.550003,3279400,138.138983
2015-12-04,138.089996,141.020004,137.990005,140.429993,4571600,139.010075
2015-12-03,140.100006,140.729996,138.190002,138.919998,5909600,137.515349
2015-12-02,140.929993,141.210007,139.50,139.699997,3725400,138.287461
2015-12-01,139.580002,141.399994,139.580002,141.279999,4195100,139.851487
2015-11-30,138.610001,139.899994,138.520004,139.419998,4545600,138.010293
2015-11-27,138.00,138.809998,137.210007,138.460007,1415800,137.060008
2015-11-25,138.369995,138.429993,137.380005,138.00,3238200,136.604653
2015-11-24,137.649994,139.339996,137.309998,138.600006,3407700,137.198592
2015-11-23,138.529999,138.869995,137.119995,138.460007,5137900,137.060008
2015-11-20,137.369995,138.919998,137.25,138.50,5176400,137.099597
2015-11-19,136.210007,137.740005,136.009995,136.740005,4753600,135.357398
2015-11-18,134.789993,135.910004,134.259995,135.820007,4149200,134.446702
2015-11-17,134.220001,134.820007,133.309998,133.820007,2815100,132.466925
2015-11-16,131.789993,134.089996,131.789993,133.710007,4190800,132.358036
2015-11-13,132.949997,133.00,131.649994,131.75,4613800,130.417848
2015-11-12,134.699997,134.699997,133.009995,133.039993,4701400,131.694798
2015-11-11,136.089996,136.199997,134.50,135.020004,3164800,133.654788
2015-11-10,135.360001,135.740005,134.119995,135.470001,4520800,134.100235
2015-11-09,137.919998,138.080002,134.880005,135.309998,8075600,133.941849
2015-11-06,138.600006,139.550003,137.869995,138.25,4744900,136.852125
2015-11-05,141.610001,142.380005,139.630005,139.889999,5096900,137.188682
2015-11-04,142.550003,142.649994,141.300003,141.630005,3516900,138.895088
2015-11-03,140.020004,142.800003,139.899994,141.880005,4349400,139.14026
2015-11-02,140.50,140.520004,139.570007,140.369995,3822200,137.659409
2015-10-30,140.440002,141.330002,139.899994,140.080002,3984000,137.375016
2015-10-29,140.360001,140.820007,139.020004,140.550003,3710400,137.835941
2015-10-28,137.919998,141.229996,137.50,140.830002,8511400,138.110533
2015-10-27,143.509995,143.830002,137.330002,137.860001,15008500,135.197883
2015-10-26,144.75,145.00,143.210007,143.660004,3489400,140.885887
2015-10-23,144.610001,145.490005,143.699997,144.679993,5370400,141.886179
2015-10-22,141.740005,145.070007,141.619995,144.089996,5583200,141.307576
2015-10-21,140.25,142.660004,139.300003,140.919998,6990600,138.198791
2015-10-20,142.490005,142.880005,140.270004,140.639999,16025600,137.924199
2015-10-19,149.850006,149.970001,148.380005,149.220001,7954700,146.338519
2015-10-16,150.449997,151.199997,149.259995,150.389999,3454000,147.485924
2015-10-15,150.910004,151.240005,148.580002,150.089996,3476200,147.191714
2015-10-14,149.600006,150.649994,149.020004,150.009995,3353000,147.113257
2015-10-13,150.779999,150.779999,149.179993,149.619995,3915700,146.730789
2015-10-12,152.399994,152.580002,150.850006,151.139999,3227600,148.221441
2015-10-09,152.460007,153.149994,151.270004,152.389999,3531100,149.447303
2015-10-08,149.690002,153.020004,149.289993,152.279999,4794400,149.339427
2015-10-07,150.039993,150.729996,148.860001,150.089996,2980800,147.191714
2015-10-06,149.059998,150.149994,148.490005,148.779999,3018100,145.907013
2015-10-05,145.820007,149.889999,145.820007,149.039993,5131800,146.161987
2015-10-02,141.050003,144.589996,140.559998,144.580002,3054400,141.788119
2015-10-01,145.309998,145.669998,141.589996,143.589996,3880900,140.817231
2015-09-30,143.690002,145.710007,143.660004,144.970001,3946200,142.170588
2015-09-29,141.990005,142.660004,141.149994,142.470001,4763500,139.718863
2015-09-28,144.419998,145.380005,142.470001,142.520004,4317300,139.767901
2015-09-25,145.550003,146.270004,144.529999,145.419998,3474400,142.611895
2015-09-24,142.600006,145.070007,141.949997,144.410004,3280300,141.621404
2015-09-23,144.210007,144.570007,142.75,143.660004,2674200,140.885887
2015-09-22,144.619995,145.059998,143.770004,144.429993,3564100,141.641007
2015-09-21,145.389999,146.979996,144.919998,146.479996,3825000,143.651424
2015-09-18,146.050003,146.389999,143.979996,144.509995,7975800,141.719464
2015-09-17,148.100006,149.679993,147.300003,148.139999,4003000,145.279372
2015-09-16,147.839996,148.889999,147.539993,148.410004,2799200,145.544163
2015-09-15,146.600006,147.929993,145.759995,147.529999,2717100,144.681151
2015-09-14,147.369995,147.369995,145.410004,145.649994,3226700,142.837449
2015-09-11,145.910004,147.50,145.669998,147.369995,3115100,144.524237
2015-09-10,145.850006,147.160004,144.509995,146.199997,3461700,143.376832
2015-09-09,148.740005,149.039993,144.850006,145.050003,3407800,142.249045
2015-09-08,145.860001,147.339996,145.660004,147.229996,3933300,144.386941
2015-09-04,144.570007,145.399994,143.320007,143.699997,4201100,140.925108
2015-09-03,146.050003,148.029999,145.770004,146.779999,3603500,143.945634
2015-09-02,144.740005,145.080002,143.179993,145.050003,4252000,142.249045
2015-09-01,144.910004,144.979996,141.850006,142.679993,5272000,139.9248