2016-04-22,31.74,31.860001,31.219999,31.639999,29387100,31.639999
2016-04-21,31.940001,32.060001,31.809999,31.969999,28166000,31.969999
2016-04-20,31.32,32.259998,31.25,32.00,57414500,32.00
2016-04-19,31.700001,31.809999,31.40,31.60,31820300,31.60
2016-04-18,31.43,31.719999,31.379999,31.65,21516600,31.65
2016-04-15,31.790001,31.889999,31.379999,31.459999,28593000,31.459999
2016-04-14,31.780001,31.889999,31.549999,31.799999,21541600,31.799999
2016-04-13,31.969999,32.18,31.950001,32.130001,19842800,32.130001
2016-04-12,31.879999,31.940001,31.379999,31.860001,16647800,31.860001
2016-04-11,31.90,32.34,31.66,31.67,19624100,31.67
2016-04-08,31.76,32.02,31.48,31.629999,16360900,31.629999
2016-04-07,31.889999,31.90,31.35,31.549999,23199600,31.549999
2016-04-06,31.969999,32.23,31.77,32.080002,15501100,32.080002
2016-04-05,31.889999,32.119999,31.719999,31.90,20014600,31.90
2016-04-04,32.200001,32.380001,31.74,32.00,21507000,32.00
2016-04-01,32.27,32.470001,32.099998,32.450001,18011300,32.450001
2016-03-31,32.529999,32.66,32.32,32.349998,17650800,32.349998
2016-03-30,32.450001,32.75,32.290001,32.709999,16364800,32.709999
2016-03-29,31.93,32.439999,31.73,32.380001,15178600,32.380001
2016-03-28,31.870001,32.00,31.620001,31.90,11419200,31.90
2016-03-24,31.870001,31.950001,31.700001,31.879999,14126100,31.879999
2016-03-23,32.470001,32.470001,31.98,32.00,18460900,32.00
2016-03-22,32.16,32.459999,31.950001,32.32,22150700,32.32
2016-03-21,32.23,32.419998,31.950001,32.34,21642300,32.34
2016-03-18,32.16,32.689999,32.060001,32.68,49633200,32.68
2016-03-17,31.76,32.169998,31.700001,31.98,22813000,31.98
2016-03-16,31.49,31.799999,31.17,31.690001,26062400,31.690001
2016-03-15,31.34,31.65,31.059999,31.65,16893700,31.65
2016-03-14,31.66,31.690001,31.299999,31.43,17391300,31.43
2016-03-11,31.67,31.790001,31.530001,31.76,22394500,31.76
2016-03-10,31.139999,31.40,30.379999,31.25,29434600,31.25
2016-03-09,30.83,31.040001,30.67,30.870001,14572800,30.870001
2016-03-08,30.83,30.879999,30.379999,30.559999,18850600,30.559999
2016-03-07,30.59,31.120001,30.50,30.940001,18858200,30.940001
2016-03-04,30.50,30.860001,30.049999,30.629999,20169900,30.629999
2016-03-03,31.129999,31.35,30.540001,30.58,25608800,30.58
2016-03-02,30.299999,30.870001,30.120001,30.540001,23418500,30.540001
2016-03-01,29.93,30.530001,29.75,30.370001,25355600,30.370001
2016-02-29,29.719999,30.139999,29.58,29.59,21616500,29.59
2016-02-26,29.879999,30.08,29.700001,29.799999,19878200,29.799999
2016-02-25,29.32,29.620001,28.950001,29.620001,17311000,29.620001
2016-02-24,28.52,29.299999,28.379999,29.190001,21444600,29.190001
2016-02-23,29.299999,29.35,28.60,28.799999,26432900,28.799999
2016-02-22,29.110001,29.540001,29.00,29.35,23750400,29.35
2016-02-19,29.200001,29.33,28.709999,28.709999,41618800,28.709999
2016-02-18,29.530001,29.76,29.379999,29.42,20261500,29.42
2016-02-17,28.860001,29.620001,28.73,29.469999,27295100,29.469999
2016-02-16,28.75,28.950001,28.360001,28.780001,30354200,28.780001
2016-02-12,28.57,28.700001,28.139999,28.639999,19507900,28.639999
2016-02-11,27.83,28.41,27.68,28.219999,28142600,28.219999
2016-02-10,28.879999,29.00,28.190001,28.23,26850900,28.23
2016-02-09,28.49,29.15,28.41,28.809999,22710600,28.809999
2016-02-08,28.74,28.98,28.299999,28.82,28623800,28.82
2016-02-05,29.58,29.76,28.91,29.040001,27429400,29.040001
2016-02-04,29.139999,29.879999,29.110001,29.77,29109700,29.77
2016-02-03,29.719999,29.719999,28.52,29.34,44632000,29.34
2016-02-02,30.450001,30.49,29.629999,29.799999,24994300,29.54
2016-02-01,30.719999,31.120001,30.639999,30.82,19015100,30.551101
2016-01-29,30.209999,31.030001,30.10,31.02,38311400,30.749357
2016-01-28,30.02,30.18,29.75,29.969999,22028100,29.708517
2016-01-27,29.879999,30.219999,29.639999,29.809999,26384100,29.549913
2016-01-26,29.610001,30.049999,29.610001,29.940001,24754900,29.67878
2016-01-25,29.99,30.219999,29.57,29.60,26441000,29.341746
2016-01-22,30.120001,30.24,29.51,29.93,25326500,29.668867
2016-01-21,29.65,30.030001,29.24,29.66,30157400,29.401222
2016-01-20,29.35,29.870001,29.209999,29.59,39598200,29.331833
2016-01-19,29.98,30.059999,29.48,29.799999,28878100,29.54
2016-01-15,29.73,30.50,29.450001,29.76,76373900,29.50035
2016-01-14,31.969999,32.869999,31.799999,32.740002,48728200,32.454351
2016-01-13,32.759998,32.93,31.83,31.91,34445700,31.631591
2016-01-12,32.759998,32.889999,32.27,32.68,28587700,32.394874
2016-01-11,31.809999,32.220001,31.68,32.060001,27732400,31.780284
2016-01-08,32.09,32.220001,31.43,31.51,29953800,31.235082
2016-01-07,32.279999,33.009998,31.84,31.84,37680500,31.562202
2016-01-06,33.25,33.52,32.799999,33.080002,25491300,32.791385
2016-01-05,33.959999,34.00,33.529999,33.830002,16709500,33.534842
2016-01-04,33.880001,34.009998,33.459999,33.990002,27882200,33.693445
2015-12-31,34.82,34.959999,34.439999,34.450001,14736700,34.149431
2015-12-30,35.380001,35.450001,34.950001,34.990002,11566800,34.684721
2015-12-29,35.009998,35.59,35.009998,35.439999,14188600,35.130791
2015-12-28,34.950001,35.00,34.57,34.93,9449400,34.625243
2015-12-24,35.07,35.259998,34.959999,34.98,5893800,34.674806
2015-12-23,34.950001,35.049999,34.779999,35.00,12526500,34.694632
2015-12-22,34.360001,34.779999,34.27,34.73,18422000,34.426987
2015-12-21,34.110001,34.299999,33.82,34.240002,18006800,33.941264
2015-12-18,34.73,34.75,33.860001,33.869999,41336600,33.57449
2015-12-17,35.32,35.369999,34.759998,34.91,24963600,34.605417
2015-12-16,35.360001,35.470001,34.77,35.299999,23257900,34.992013
2015-12-15,34.650002,35.349998,34.639999,35.18,24051300,34.873062
2015-12-14,34.380001,34.48,33.880001,34.470001,19357100,34.169257
2015-12-11,34.310001,34.650002,34.200001,34.27,21251400,33.971001
2015-12-10,34.849998,35.07,34.66,34.77,17400700,34.466639
2015-12-09,34.880001,35.220001,34.509998,34.810001,22548300,34.506291
2015-12-08,34.669998,34.950001,34.419998,34.75,13380200,34.446813
2015-12-07,34.790001,35.169998,34.75,34.990002,17731900,34.684721
2015-12-04,34.110001,35.029999,34.00,34.939999,24901000,34.635154
2015-12-03,34.970001,34.990002,34.00,34.040001,30131100,33.743008
2015-12-02,35.09,35.41,34.810001,34.830002,18688200,34.526117
2015-12-01,35.00,35.200001,34.709999,35.09,23560200,34.783847
2015-11-30,34.549999,34.900002,34.43,34.77,21785800,34.466639
2015-11-27,34.540001,34.68,34.400002,34.459999,6620900,34.159342
2015-11-25,34.259998,34.740002,34.139999,34.450001,17939400,34.149431
2015-11-24,34.330002,34.439999,33.900002,34.360001,21413500,34.060216
2015-11-23,34.66,34.849998,34.41,34.48,20152900,34.179168
2015-11-20,34.48,35.290001,34.48,34.66,41137700,34.357598
2015-11-19,33.220001,34.73,33.130001,34.299999,45381600,34.000738
2015-11-18,32.73,33.240002,32.619999,33.16,18619800,32.870685
2015-11-17,32.150002,32.880001,32.009998,32.639999,22636400,32.355222
2015-11-16,32.09,32.259998,31.93,32.099998,29899700,31.819932
2015-11-13,32.27,32.380001,31.959999,32.110001,23673200,31.829847
2015-11-12,32.709999,32.919998,32.389999,32.400002,23265400,32.117318
2015-11-11,33.16,33.380001,32.799999,32.860001,19864700,32.573303
2015-11-10,33.169998,33.27,32.810001,33.209999,22451700,32.920248
2015-11-09,33.599998,33.830002,33.080002,33.349998,24168700,33.059026
2015-11-06,33.93,33.970001,33.41,33.84,23701700,33.544753
2015-11-05,34.099998,34.200001,33.73,34.00,16486100,33.703357
2015-11-04,34.27,34.27,33.900002,34.150002,20762100,33.852049
2015-11-03,34.00,34.41,33.98,34.310001,18167000,33.772746
2015-11-02,33.73,34.279999,33.639999,34.110001,21743100,33.575877
2015-10-30,34.099998,34.290001,33.860001,33.860001,24693900,33.329792
2015-10-29,34.200001,34.290001,33.77,34.029999,21325200,33.497128
2015-10-28,34.470001,34.709999,34.119999,34.709999,21908400,34.16648
2015-10-27,34.41,34.549999,34.310001,34.470001,22630100,33.93024
2015-10-26,34.77,34.959999,34.549999,34.59,22646900,34.04836
2015-10-23,34.540001,35.029999,34.400002,34.900002,42796600,34.353507
2015-10-22,33.700001,34.50,33.59,34.400002,39572600,33.861337
2015-10-21,33.669998,34.049999,33.32,33.369999,31928800,32.847463
2015-10-20,33.400002,33.700001,33.310001,33.439999,24416100,32.916367
2015-10-19,32.880001,33.619999,32.869999,33.59,37624000,33.064019
2015-10-16,32.75,33.200001,32.48,33.040001,28659200,32.522632
2015-10-15,32.84,33.060001,32.459999,32.75,37634800,32.237172
2015-10-14,31.389999,32.93,30.85,32.799999,75954800,32.286389
2015-10-13,32.029999,32.48,31.98,32.040001,35588600,31.538291
2015-10-12,32.16,32.32,32.00,32.209999,18795000,31.705627
2015-10-09,32.369999,32.549999,31.940001,32.139999,24209900,31.636724
2015-10-08,32.23,32.599998,31.98,32.52,27794600,32.010774
2015-10-07,32.00,32.419998,31.719999,32.32,36930100,31.813905
2015-10-06,31.16,31.85,31.110001,31.74,35530200,31.242988
2015-10-05,30.73,31.379999,30.559999,31.209999,34842500,30.721286
2015-10-02,29.67,30.530001,29.530001,30.51,27901500,30.032249
2015-10-01,30.209999,30.280001,29.459999,30.00,29832800,29.530234
2015-09-30,29.559999,30.32,29.540001,30.139999,41051700,29.668041
2015-09-29,28.83,29.35,28.76,29.24,34169600,28.782135
2015-09-28,28.68,29.360001,28.639999,28.76,42291000,28.309652
2015-09-25,28.940001,29.120001,28.629999,28.809999,29192300,28.358868
2015-09-24,28.379999,28.67,27.870001,28.48,32754700,28.034035
2015-09-23,29.02,29.09,28.59,28.74,25984000,28.289964
2015-09-22,28.67,28.90,28.48,28.67,28576200,28.221061
2015-09-21,29.09,29.34,28.940001,29.16,24417100,28.703388
2015-09-18,29.219999,29.42,28.809999,29.02,60693400,28.56558
2015-09-17,29.620001,30.200001,29.549999,29.709999,29805200,29.244775
2015-09-16,29.620001,29.790001,29.40,29.77,25957800,29.303836
2015-09-15,29.559999,29.940001,29.48,29.73,29819000,29.264462
2015-09-14,29.469999,29.530001,29.09,29.389999,24065100,28.929786
2015-09-11,29.08,29.52,29.040001,29.469999,21786900,29.008533
2015-09-10,29.18,29.66,28.90,29.27,25195800,28.811666
2015-09-09,29.719999,30.120001,29.17,29.24,30774100,28.782135
2015-09-08,28.98,29.50,28.950001,29.50,27805000,29.038064
2015-09-04,28.57,28.90,28.41,28.52,29116500,28.07341
2015-09-03,28.799999,29.42,28.690001,29.08,38665900,28.62464
2015-09-02,28.35,28.60,28.139999,28.60,34618800,28.152157
2015-09-01,27.91,28.17,27.66,27.82,44144000,27.38437