2016-04-22,45.009998,45.139999,44.66,45.049999,1761800,45.049999
2016-04-21,45.709999,45.860001,45.459999,45.560001,1785000,45.560001
2016-04-20,46.740002,46.970001,46.549999,46.639999,2015100,46.639999
2016-04-19,46.919998,47.169998,46.73,47.049999,3116000,47.049999
2016-04-18,45.470001,45.830002,45.470001,45.759998,1360300,45.759998
2016-04-15,45.470001,45.740002,45.439999,45.630001,1512800,45.630001
2016-04-14,45.669998,45.700001,45.240002,45.299999,1517200,45.299999
2016-04-13,45.610001,45.73,45.299999,45.48,2463100,45.48
2016-04-12,45.029999,45.32,44.82,45.27,1617300,45.27
2016-04-11,45.00,45.279999,44.810001,44.810001,1329400,44.810001
2016-04-08,44.84,45.060001,44.740002,44.860001,1226000,44.860001
2016-04-07,44.93,45.200001,44.689999,44.84,1248400,44.84
2016-04-06,44.84,45.25,44.790001,45.220001,1462300,45.220001
2016-04-05,44.779999,44.939999,44.599998,44.759998,1374600,44.759998
2016-04-04,45.119999,45.209999,44.75,44.91,1853400,44.91
2016-04-01,43.950001,44.66,43.939999,44.639999,1939300,44.639999
2016-03-31,45.139999,45.189999,44.630001,44.68,2023700,44.68
2016-03-30,45.709999,45.959999,45.380001,45.52,3188400,45.52
2016-03-29,44.619999,45.00,44.52,45.00,2451000,45.00
2016-03-28,44.23,44.48,44.209999,44.32,658300,44.32
2016-03-24,44.07,44.189999,43.880001,44.189999,1552200,44.189999
2016-03-23,44.419998,44.509998,44.200001,44.330002,2145200,44.330002
2016-03-22,43.580002,43.869999,43.57,43.759998,1637900,43.759998
2016-03-21,44.110001,44.380001,44.099998,44.169998,1593600,44.169998
2016-03-18,44.209999,44.779999,44.150002,44.52,2013400,44.52
2016-03-17,43.900002,44.66,43.869999,44.549999,3281300,44.549999
2016-03-16,43.75,44.23,43.529999,44.209999,2051500,44.209999
2016-03-15,44.16,44.50,44.009998,44.279999,1679500,44.279999
2016-03-14,44.209999,44.279999,43.98,44.080002,1622800,44.080002
2016-03-11,44.169998,44.299999,43.98,44.27,1952000,44.27
2016-03-10,44.68,44.889999,43.279999,43.68,3482300,43.68
2016-03-09,43.98,44.189999,43.720001,43.790001,1699500,43.790001
2016-03-08,43.57,43.970001,43.529999,43.66,1414700,43.66
2016-03-07,43.41,43.720001,43.299999,43.59,1295800,43.59
2016-03-04,44.080002,44.099998,43.810001,43.91,2131400,43.91
2016-03-03,42.619999,43.360001,42.619999,43.310001,2028600,43.310001
2016-03-02,43.139999,43.23,42.630001,43.130001,2408700,43.130001
2016-03-01,43.459999,44.099998,43.389999,44.00,2523500,44.00
2016-02-29,42.689999,43.099998,42.59,42.610001,1923900,42.610001
2016-02-26,43.509998,43.52,42.799999,42.860001,2218500,42.860001
2016-02-25,43.310001,43.419998,43.080002,43.349998,3294600,43.349998
2016-02-24,42.23,42.830002,42.040001,42.810001,2327100,42.810001
2016-02-23,43.209999,43.389999,42.880001,42.889999,1449600,42.889999
2016-02-22,43.380001,43.689999,43.27,43.41,1910300,43.41
2016-02-19,42.950001,43.450001,42.889999,43.400002,1917800,43.400002
2016-02-18,43.240002,43.32,42.919998,43.07,2006800,43.07
2016-02-17,43.049999,43.41,42.889999,43.290001,2303700,43.290001
2016-02-16,42.959999,43.009998,42.400002,42.790001,2681500,42.790001
2016-02-12,41.93,42.509998,41.889999,42.509998,2423100,42.509998
2016-02-11,41.790001,41.98,41.50,41.84,3566100,41.84
2016-02-10,42.669998,42.75,42.07,42.099998,3436100,42.099998
2016-02-09,41.790001,42.549999,41.759998,42.34,4051500,42.34
2016-02-08,41.970001,42.650002,41.779999,42.470001,3760600,42.470001
2016-02-05,42.970001,43.049999,42.439999,42.73,3524500,42.73
2016-02-04,42.869999,43.16,42.639999,43.00,2668200,43.00
2016-02-03,44.080002,44.130001,43.470001,43.939999,4802600,43.939999
2016-02-02,44.470001,44.490002,44.009998,44.099998,1691600,43.769998
2016-02-01,44.18,44.650002,44.080002,44.490002,1714100,44.157083
2016-01-29,43.59,44.450001,43.529999,44.41,1969800,44.07768
2016-01-28,43.00,43.43,42.68,43.220001,2158900,42.896586
2016-01-27,43.310001,43.580002,42.860001,43.040001,1809400,42.717932
2016-01-26,42.59,43.200001,42.57,43.02,2263600,42.698082
2016-01-25,42.91,43.00,42.619999,42.66,1853300,42.340775
2016-01-22,42.459999,42.779999,42.330002,42.639999,2072300,42.320924
2016-01-21,41.549999,41.860001,40.950001,41.619999,3364600,41.308556
2016-01-20,41.169998,41.27,40.169998,40.93,2647700,40.623721
2016-01-19,42.02,42.16,41.57,41.799999,4931100,41.48721
2016-01-15,40.119999,40.529999,40.029999,40.27,2603600,39.96866
2016-01-14,40.740002,41.209999,40.450001,41.02,2466400,40.713048
2016-01-13,41.700001,41.759998,40.720001,40.759998,3843100,40.454991
2016-01-12,41.389999,41.720001,40.98,41.50,4663800,41.189455
2016-01-11,40.77,40.880001,40.25,40.599998,1722300,40.296188
2016-01-08,40.959999,40.98,40.400002,40.470001,1757800,40.167164
2016-01-07,41.009998,41.389999,40.849998,40.970001,2132000,40.663422
2016-01-06,41.240002,41.619999,41.209999,41.450001,1698300,41.13983
2016-01-05,41.950001,42.299999,41.82,42.110001,2510100,41.794891
2016-01-04,42.23,42.360001,41.549999,42.240002,2081700,41.92392
2015-12-31,43.740002,43.779999,43.310001,43.32,666900,42.995836
2015-12-30,44.259998,44.32,43.990002,44.040001,1124200,43.710449
2015-12-29,44.18,44.32,44.02,44.23,993700,43.899026
2015-12-28,43.630001,43.75,43.50,43.709999,790600,43.382917
2015-12-24,43.650002,43.759998,43.529999,43.560001,436400,43.234042
2015-12-23,43.130001,43.639999,43.099998,43.630001,1717200,43.303518
2015-12-22,42.57,42.880001,42.32,42.779999,1629000,42.459876
2015-12-21,43.200001,43.23,42.290001,42.560001,1624900,42.241525
2015-12-18,42.790001,43.060001,42.630001,42.720001,2212500,42.400327
2015-12-17,43.549999,43.75,43.310001,43.310001,1970400,42.985912
2015-12-16,43.349998,43.970001,43.200001,43.900002,3590000,43.571498
2015-12-15,42.82,43.259998,42.759998,42.990002,3262000,42.668307
2015-12-14,42.369999,42.650002,42.040001,42.330002,4110600,42.013246
2015-12-11,42.57,42.740002,42.32,42.380001,1732900,42.062871
2015-12-10,43.259998,43.360001,42.939999,43.02,2248100,42.698082
2015-12-09,43.509998,43.970001,43.200001,43.34,2032500,43.015687
2015-12-08,43.490002,43.700001,43.290001,43.580002,1937100,43.253892
2015-12-07,43.93,44.099998,43.73,44.049999,1343200,43.720373
2015-12-04,42.849998,43.630001,42.84,43.580002,2406300,43.253892
2015-12-03,43.860001,43.860001,42.990002,43.16,3011700,42.837033
2015-12-02,44.25,44.459999,44.049999,44.139999,1736200,43.8097
2015-12-01,43.790001,43.91,43.57,43.790001,1514300,43.46232
2015-11-30,44.630001,44.66,43.720001,43.740002,2404400,43.412695
2015-11-27,44.889999,44.98,44.57,44.639999,1307800,44.305958
2015-11-25,44.790001,44.82,44.529999,44.580002,2146700,44.246409
2015-11-24,43.540001,44.060001,43.52,43.970001,1856200,43.640973
2015-11-23,44.490002,44.59,44.150002,44.279999,1493900,43.948651
2015-11-20,44.389999,44.720001,44.369999,44.580002,3522000,44.246409
2015-11-19,44.150002,44.459999,44.119999,44.380001,2818300,44.047905
2015-11-18,43.52,44.060001,43.490002,44.009998,1832400,43.680671
2015-11-17,43.75,43.939999,43.529999,43.560001,2153300,43.234042
2015-11-16,42.790001,43.349998,42.740002,43.32,1545400,42.995836
2015-11-13,42.740002,42.939999,42.57,42.669998,1828100,42.350698
2015-11-12,43.93,44.040001,43.650002,43.650002,1933700,43.323368
2015-11-11,44.34,44.549999,44.290001,44.389999,1948600,44.057829
2015-11-10,43.310001,43.939999,43.310001,43.860001,1427800,43.531796
2015-11-09,43.720001,43.919998,43.610001,43.869999,1740000,43.541719
2015-11-06,44.59,44.759998,44.060001,44.439999,1291500,44.107454
2015-11-05,45.290001,45.400002,45.02,45.299999,2098500,44.961019
2015-11-04,45.25,45.34,45.060001,45.18,1392300,44.841918
2015-11-03,45.040001,45.41,44.950001,45.360001,1606200,45.020571
2015-11-02,45.400002,45.52,45.150002,45.400002,1874500,45.060273
2015-10-30,45.009998,45.400002,44.939999,44.98,1647700,44.643414
2015-10-29,45.290001,45.540001,45.240002,45.43,1796200,45.090047
2015-10-28,45.650002,45.66,44.779999,45.200001,2210400,44.861769
2015-10-27,45.400002,45.59,45.25,45.310001,1298700,44.62952
2015-10-26,45.799999,45.849998,45.470001,45.57,1604300,44.885614
2015-10-23,46.200001,46.299999,45.759998,45.849998,2131700,45.161407
2015-10-22,45.93,46.330002,45.82,46.040001,3066000,45.348556
2015-10-21,45.580002,45.68,45.349998,45.360001,1866700,44.678769
2015-10-20,45.650002,45.66,45.27,45.360001,1825400,44.678769
2015-10-19,45.560001,45.619999,45.259998,45.540001,1568400,44.856066
2015-10-16,44.950001,45.360001,44.900002,45.32,2217200,44.639368
2015-10-15,44.700001,45.02,44.549999,44.950001,4411700,44.274926
2015-10-14,43.029999,43.240002,42.880001,42.91,2596900,42.265563
2015-10-13,42.689999,43.110001,42.630001,42.900002,2436100,42.255715
2015-10-12,42.759998,43.18,42.669998,42.869999,1753600,42.226163
2015-10-09,42.040001,42.450001,42.00,42.259998,1470200,41.625323
2015-10-08,41.32,42.119999,41.259998,42.07,2049500,41.438178
2015-10-07,41.650002,41.860001,41.41,41.779999,2281700,41.152532
2015-10-06,42.060001,42.279999,41.919998,42.040001,1787100,41.40863
2015-10-05,41.900002,42.02,41.73,41.93,1872300,41.300281
2015-10-02,40.16,41.119999,40.060001,41.119999,2980900,40.502445
2015-10-01,40.41,40.470001,39.880001,40.25,1961000,39.645512
2015-09-30,40.369999,40.41,39.970001,40.200001,2242900,39.596263
2015-09-29,38.889999,39.509998,38.75,39.419998,3415800,38.827975
2015-09-28,39.439999,39.459999,38.919998,38.959999,2089200,38.374884
2015-09-25,39.630001,40.029999,39.400002,39.52,2783200,38.926475
2015-09-24,38.299999,38.580002,37.919998,38.43,2600300,37.852845
2015-09-23,39.009998,39.060001,38.639999,38.880001,1768900,38.296088
2015-09-22,39.16,39.209999,38.630001,39.009998,2452200,38.424133
2015-09-21,40.43,40.43,39.98,40.139999,1354600,39.537163
2015-09-18,40.209999,40.48,39.990002,40.099998,2732100,39.497763
2015-09-17,40.509998,41.029999,40.360001,40.689999,2758500,40.078902
2015-09-16,40.220001,40.509998,40.009998,40.41,2063100,39.803109
2015-09-15,38.830002,39.209999,38.689999,39.139999,1709400,38.552181
2015-09-14,38.959999,39.040001,38.720001,38.84,1987800,38.256688
2015-09-11,38.889999,39.240002,38.880001,39.240002,2483400,38.650682
2015-09-10,39.200001,39.48,39.110001,39.330002,2638700,38.73933
2015-09-09,40.450001,40.470001,39.540001,39.57,2902400,38.975724
2015-09-08,39.959999,40.049999,39.580002,39.810001,1891100,39.212121
2015-09-04,38.849998,39.119999,38.709999,38.98,2211800,38.394585
2015-09-03,39.84,40.080002,39.610001,39.73,1749200,39.133321
2015-09-02,39.529999,39.639999,39.209999,39.50,2028000,38.906775
2015-09-01,39.23,39.400002,38.860001,39.060001,3468000,38.473385